 System Ca-O-H-EA
    4    2    0    9    2
 Ca                       O                        H
 EA
    40.07800000              15.99940000               1.00794000
     0.00054858
   6   1   2   3   4   5   6
   6   1   2   3   4   5   6
 aqueous
 IDWZ
 H2O_liquid
   4  2   0.00    0.0    1.0    2.0    0.0
  500.00000     -256638.94     -1118.6247      203.11898     -.76034980
 0.53188744E-03 -1924378.8
 1 -.20591320E-06   4.00
  501.00000     -312003.88      493.71232     -83.664491     0.00000000
 0.00000000     0.00000000
 1 0.00000000       0.00
 H[+]
   4  1   1.00    0.0    0.0    1.0   -1.0
  500.00000     0.00000000     0.00000000     0.00000000     0.00000000
 0.00000000     0.00000000
 1 0.00000000       0.00
 H2
   4  2   0.00    0.0    0.0    2.0    0.0
  573.00000      144981.35     -2046.7532      305.31100     -.34285150
 0.00000000     -13210150.
 1 0.00000000       0.00
  574.00000     -59804.190      1080.3122     -168.06580     0.00000000
 0.00000000     0.00000000
 1 0.00000000       0.00
 O2
   4  2   0.00    0.0    2.0    0.0    0.0
  400.00000     -50908.338      967.47122     -162.23000     -.16062500E-01
 0.00000000     -1580700.0
 1 0.00000000       0.00
  401.00000     -69285.338      1192.4835     -194.83875     0.00000000
 0.00000000     0.00000000
 1 0.00000000       0.00
 OH[-]
   4  2  -1.00    0.0    1.0    1.0    1.0
  573.00000     -410973.14      3188.5513     -506.37700     0.59067000
 0.00000000      12301150.
 1 0.00000000       0.00
  574.00000     -131167.15     -1698.6943      245.46267     0.00000000
 0.00000000     0.00000000
 1 0.00000000       0.00
 HO2[-]
   4  2  -1.00    0.0    2.0    1.0    1.0
  573.00000     -490620.53      5465.2599     -878.65255      1.1414036
 0.00000000      25322823.
 1 0.00000000       0.00
  574.00000      60908.995     -4053.0271      583.64867     0.00000000
 0.00000000     0.00000000
 1 0.00000000       0.00
 HOOH
   4  2   0.00    0.0    2.0    2.0    0.0
  473.00000      19276.048     -6512.4167      1069.6480     -1.3723415
 0.00000000     -2021700.0
 1 0.00000000       0.00
  474.00000     -304853.37      1621.9579     -246.65982     0.00000000
 0.00000000     0.00000000
 1 0.00000000       0.00
 Ca[2+]
   4  2   2.00    1.0    0.0    0.0   -2.0
  573.00000     -537745.15      172.76576     -26.664632     0.83295072E-01
 0.00000000     -825921.60
 1 0.00000000       0.00
  574.00000     -516162.56     -393.96708      63.760460     0.00000000
 0.00000000     0.00000000
 1 0.00000000       0.00
 CaOH[+]
   4  1   1.00    1.0    1.0    1.0   -1.0
  298.15000     -655930.13     -209.50150     0.00000000     0.00000000
 0.00000000     0.00000000
 1 0.00000000       0.00
 H2O                     #
   4  1    0.0    1.0    2.0    0.0
  6001.0000     0.00000000     0.00000000     0.00000000     0.00000000
 0.00000000     0.00000000
 1 0.00000000       0.00
 Ca                      #
   4  1    1.0    0.0    0.0    0.0
  6001.0000     0.00000000     0.00000000     0.00000000     0.00000000
 0.00000000     0.00000000
 1 0.00000000       0.00
