 System Ca-O-Li-H-EA
    5    2   23   11    4
 Ca                       O                        Li
 H                        EA
    40.07800000              15.99940000               6.94100000
     1.00794000               0.00054858
   6   1   2   3   4   5   6
   6   1   2   3   4   5   6
 gas_ideal
 IDMX
 H
   4  1    0.0    0.0    0.0    1.0    0.0
  6000.0000      211801.65      24.500245     -20.786000     0.00000000
 0.00000000     0.00000000
 1 0.00000000       0.00
 H2
   4  4    0.0    0.0    0.0    2.0    0.0
  1200.0000     -13779.823     -17.824781     -19.825631     -.15388637E-02
 -.23830749E-06  147589.95
 1  779.44498       0.50
  4100.0000      330318.97     -121.44530     -14.387460     -.10320538E-02
 0.00000000     -10416577.
 2 -74353.404      99.00  8539.3383       0.50
  6000.0000      5123954.0     -941.72642      42.957060     0.00000000
 0.00000000     -.36536589E+09
 2 -931953.90      99.00  68151.779       0.50
  6001.0000     -43508.638      176.80798     -41.974318     0.00000000
 0.00000000     0.00000000
 1 0.00000000       0.00
 Li
   4  4    0.0    0.0    1.0    0.0    0.0
  1620.1200      153102.34     0.44231502     -20.787056     0.00000000
 0.00000000     0.00000000
 1 0.00000000       0.00
  4500.0000      704356.84     -1239.6229      94.929451     -.46167194E-02
 0.00000000     -9695628.1
 2 -151806.27      99.00  30118.824       0.50
  6000.0000     -17979272.      6025.3127     -496.94347     0.00000000
 0.00000000     0.11229434E+10
 2  3461832.1      99.00 -303007.26       0.50
  6001.0000      94241.497      120.76841     -33.578018     0.00000000
 0.00000000     0.00000000
 1 0.00000000       0.00
 Li2
   4  5    0.0    0.0    2.0    0.0    0.0
  1100.0000      193595.11     -6.1697457     -28.847036     -.66320592E-02
 0.89639079E-06  206021.52
 1  2507.6890      99.00
  2900.0000      7302669.5     -14216.417      1284.1377     -.47858983E-01
 0.00000000     -.14530508E+09
 2 -1895556.7      99.00  358298.50       0.50
  4700.0000     -96198995.      84504.993     -7368.3030     0.12824513
 0.00000000     0.33783450E+10
 2  21605926.      99.00 -2850619.9       0.50
  6000.0000     -25387968.      1027.6318     -89.382663     0.00000000
 0.00000000     0.30926400E+10
 2  3979378.8      99.00 -163785.22       0.50
  6001.0000      162011.56      186.92282     -52.184607     0.00000000
 0.00000000     0.00000000
 1 0.00000000       0.00
 LiH
   4  4    0.0    0.0    1.0    1.0    0.0
  1300.0000      137164.89      288.15990     -58.179429     0.14933790E-02
 0.00000000     -201921.61
 2  2497.9666      99.00 -2795.4192       0.50
  4000.0000      204900.87     -19.660611     -27.754263     -.71057492E-03
 0.00000000     -1018889.6
 2 -19646.250      99.00  3083.3705       0.50
  6000.0000     -3812764.1      1470.7946     -148.11817     0.00000000
 0.00000000     0.24183524E+09
 2  754946.38      99.00 -67238.273       0.50
  6001.0000      104170.24      141.10249     -43.496686     0.00000000
 0.00000000     0.00000000
 1 0.00000000       0.00
 O
   4  3    0.0    1.0    0.0    0.0    0.0
  2200.0000      242682.20     -30.020448     -19.964968     -.13194946E-03
 0.61589319E-08 -29327.439
 1  83.809856       0.50
  6000.0000     -84471.471      186.78944     -38.050669     0.00000000
 0.00000000      12120739.
 2  70811.436      99.00 -8330.8535       0.50
  6001.0000      236685.00     -8.3771889     -22.291487     0.00000000
 0.00000000     0.00000000
 1 0.00000000       0.00
 O2
   4  4    0.0    2.0    0.0    0.0    0.0
  1000.0000     -5219.3324     -12.179856     -26.924057     -.84893408E-02
 0.11276942E-05 -114664.63
 1 -316.64663       0.50
  4000.0000     -389938.78      638.67678     -89.681327     0.72372244E-03
 0.00000000      9341343.0
 2 -16506.149       0.50  95803.960      99.00
  6000.0000     -8951197.1      2742.7612     -249.17312     0.00000000
 0.00000000     0.59248921E+09
 2 -139742.68       0.50  1674792.2      99.00
  6001.0000     -42014.302      116.92408     -44.371534     0.00000000
 0.00000000     0.00000000
 1 0.00000000       0.00
 O3
   4  3    0.0    3.0    0.0    0.0    0.0
  1900.0000      200310.28      315.13014     -76.555764     0.46115697E-02
 -.32267167E-06 -821844.45
 1 -15871.007      99.00
  6000.0000     -95706.532      344.94952     -73.713624     0.00000000
 0.00000000      9320171.5
 2  47079.583      99.00 -6138.3410       0.50
  6001.0000      107048.81      191.83924     -61.231023     0.00000000
 0.00000000     0.00000000
 1 0.00000000       0.00
 OH
   4  4    0.0    1.0    0.0    1.0    0.0
  1300.0000      15124.539     -53.228376     -20.563267     -.36262413E-02
 0.34198989E-07  189112.08
 1  3436.3138      99.00
  4000.0000      349207.50     -117.24675     -20.415378     -.46215318E-03
 0.00000000     -9626333.3
 2 -69526.518      99.00  7577.0060       0.50
  6000.0000     -1183915.3      523.77324     -73.005362     0.00000000
 0.00000000      79896619.
 2  230246.83      99.00 -20920.359       0.50
  6001.0000      6770.0965      99.135663     -39.420964     0.00000000
 0.00000000     0.00000000
 1 0.00000000       0.00
 H2O
   4  4    0.0    1.0    0.0    2.0    0.0
  1100.0000     -255475.81     -15.282587     -25.781640     -.74748581E-02
 0.92059316E-07  13999.660
 1  1107.2718      99.00
  4000.0000      152152.28      164.70757     -53.145789     -.80540038E-04
 0.00000000     -12075583.
 2 -83128.276      99.00  5947.3700       0.50
  6000.0000     -4469439.5      1472.4424     -155.19083     0.00000000
 0.00000000     0.29826420E+09
 2  778290.99      99.00 -64372.340       0.50
  6001.0000     -302989.76      260.62247     -60.574924     0.00000000
 0.00000000     0.00000000
 1 0.00000000       0.00
 HOO
   4  3    0.0    2.0    0.0    1.0    0.0
  2100.0000      15697.283      255.13384     -62.913975     -.11689159E-02
 0.00000000     -405639.23
 2 -2663.7114      99.00 -1996.0491       0.50
  6000.0000      1105560.9     -244.54895     -24.892588     0.00000000
 0.00000000     -42897102.
 2 -231446.38      99.00  22310.750       0.50
  6001.0000     -41569.824      209.48530     -60.708998     0.00000000
 0.00000000     0.00000000
 1 0.00000000       0.00
 HOOH
   4  2    0.0    2.0    0.0    2.0    0.0
  1500.0000     -85550.955      331.73213     -78.314851     0.26315727E-02
 -.53029881E-06 -685226.23
 1 -14710.134      99.00
  1501.0000     -166774.40      243.96699     -68.381500     0.00000000
 0.00000000     0.00000000
 1 0.00000000       0.00
 LiO
   4  3    0.0    1.0    1.0    0.0    0.0
  4000.0000      95086.869     0.48936151     -33.510323     -.41168293E-03
 0.00000000     -155958.67
 2 -6326.3661      99.00  1129.1265       0.50
  6000.0000     -6291.7534      223.87644     -53.323428     0.00000000
 0.00000000     -7512818.2
 2  26145.099      99.00 -5336.3691       0.50
  6001.0000      60520.837      73.255403     -40.875266     0.00000000
 0.00000000     0.00000000
 1 0.00000000       0.00
 Li2O
   4  2    0.0    1.0    2.0    0.0    0.0
  6000.0000     -191608.70      197.65900     -62.378868     0.00000000
 0.00000000      1258423.8
 2 -2.6572450       0.50 -69638043.      -2.00
  6001.0000     -190838.62      196.86499     -62.302313     0.00000000
 0.00000000     0.00000000
 1 0.00000000       0.00
 Li2O2
   4  2    0.0    2.0    2.0    0.0    0.0
  6000.0000     -271215.04      288.53366     -83.103648     0.00000000
 0.00000000      622380.22
 2  12.129378       0.50 -15229635.      -2.00
  6001.0000     -270569.05      288.64325     -83.108642     0.00000000
 0.00000000     0.00000000
 1 0.00000000       0.00
 LiOH
   4  3    0.0    1.0    1.0    1.0    0.0
  1300.0000     -251421.89      134.96052     -51.018059     -.15717757E-02
 -.11465183E-06  262529.33
 1 0.00000000       0.00
  6000.0000     -68606.822      170.34900     -57.940687     0.00000000
 0.00000000     -5124036.7
 2 -38234.487      99.00  3081.0255       0.50
  6001.0000     -268511.55      221.41033     -61.796908     0.00000000
 0.00000000     0.00000000
 1 0.00000000       0.00
 (LiOH)2
   4  3    0.0    2.0    2.0    2.0    0.0
  1600.0000     -620048.10      613.35141     -123.45871     -.22608607E-02
 0.00000000     -1148044.1
 2 -27130.007      99.00  799.77506       0.50
  6000.0000     -401823.54      578.43311     -124.54154     0.00000000
 0.00000000     -6381851.5
 2 -76065.699      99.00  6023.4254       0.50
  6001.0000     -799038.25      673.84964     -131.65900     0.00000000
 0.00000000     0.00000000
 1 0.00000000       0.00
 Ca
   4  4    1.0    0.0    0.0    0.0    0.0
  1773.6600      171600.93     -15.630979     -20.791789     0.00000000
 0.00000000     0.00000000
 1 0.00000000       0.00
  4200.0000      19927184.     -32491.906      2970.5188     -.12209243
 0.18267634E-05 -.49530310E+09
 2 -4984665.1      99.00  857152.09       0.50
  6000.0000      19026562.      5723.6004     -592.69950     0.16058747E-01
 0.00000000     -.20140619E+10
 1 -2724023.3      99.00
  6001.0000      12334.532      330.78693     -57.882977     0.00000000
 0.00000000     0.00000000
 1 0.00000000       0.00
 Ca2
   4  3    2.0    0.0    0.0    0.0    0.0
  1500.0000      332732.66      11.007326     -42.487640     0.24521170E-01
 -.65553380E-05 -265487.10
 1 0.89278250E-09   4.00
  3000.0000      341877.03     -129.29031     -20.664100     -.28050490E-04
 0.16426470E-08 -974311.30
 1 -.51120680E-13   4.00
  3001.0000      340465.64     -126.49544     -20.976777     0.00000000
 0.00000000     0.00000000
 1 0.00000000       0.00
 CaH
   4  3    1.0    0.0    0.0    1.0    0.0
  1200.0000      228325.63      151.02817     -46.910000     0.00000000
 0.00000000     -136050.00
 1 -1388.8000       0.50
  2200.0000      217735.68      29.147749     -33.920000     -.13170000E-02
 0.00000000     0.00000000
 1 0.00000000       0.00
  2201.0000      211361.40      73.745762     -39.714800     0.00000000
 0.00000000     0.00000000
 1 0.00000000       0.00
 CaO
   4  4    1.0    1.0    0.0    0.0    0.0
  1400.0000      78867.788      205.64202     -61.549181     0.12802635E-01
 -.17124492E-05 -537947.00
 1 -10352.275      99.00
  3800.0000      37566280.     -406018.91      48763.221      3.2756916
 -.28319660E-04 -.32937800E+09
 3 -14615549.      99.00 -1162.6130       1.50  5256160.3       0.50
  6000.0000     -12975649.      3153.8112     -282.26195     0.00000000
 0.00000000     0.87345172E+09
 2  2367789.3      99.00 -178046.56       0.50
  6001.0000      21834.712      158.20285     -53.725595     0.00000000
 0.00000000     0.00000000
 1 0.00000000       0.00
 CaOH
   4  3    1.0    1.0    0.0    1.0    0.0
  2000.0000     -254291.36      350.18399     -74.708474     -.33244519E-03
 0.00000000      772665.74
 2  15065.196      99.00 -4383.2464       0.50
  6000.0000     -1551072.0      1104.6589     -136.88411     0.00000000
 0.00000000      51571376.
 2  289956.15      99.00 -35311.104       0.50
  6001.0000     -257922.19      259.15353     -68.378962     0.00000000
 0.00000000     0.00000000
 1 0.00000000       0.00
 Ca(OH)2
   4  3    1.0    2.0    0.0    2.0    0.0
  1100.0000     -515603.08     -538.91249     -.12823071     -.12419476E-01
 0.00000000     -661098.89
 2 -45337.249      99.00  14027.622       0.50
  6000.0000     -112765.90      121.03616     -75.675818     0.00000000
 0.00000000     -14601853.
 3 -116019.61      99.00 -.15982682       1.50  12570.130       0.50
  6001.0000     -674926.22      468.55705     -107.00545     0.00000000
 0.00000000     0.00000000
 1 0.00000000       0.00
 aqueous
 IDWZ
 H2O_liquid
   4  2   0.00    0.0    1.0    0.0    2.0    0.0
  500.00000     -256638.94     -1118.6247      203.11898     -.76034980
 0.53188744E-03 -1924378.8
 1 -.20591320E-06   4.00
  501.00000     -312003.88      493.71232     -83.664491     0.00000000
 0.00000000     0.00000000
 1 0.00000000       0.00
 H[+]
   4  1   1.00    0.0    0.0    0.0    1.0   -1.0
  500.00000     0.00000000     0.00000000     0.00000000     0.00000000
 0.00000000     0.00000000
 1 0.00000000       0.00
 H2
   4  2   0.00    0.0    0.0    0.0    2.0    0.0
  573.00000      144981.35     -2046.7532      305.31100     -.34285150
 0.00000000     -13210150.
 1 0.00000000       0.00
  574.00000     -59804.190      1080.3122     -168.06580     0.00000000
 0.00000000     0.00000000
 1 0.00000000       0.00
 Li[+]
   4  2   1.00    0.0    0.0    1.0    0.0   -1.0
  573.00000     -268013.92     -205.06069      35.539000     -.10568550
 0.00000000     -1407100.0
 1 0.00000000       0.00
  574.00000     -312536.22      631.42268     -94.147864     0.00000000
 0.00000000     0.00000000
 1 0.00000000       0.00
 O2
   4  2   0.00    0.0    2.0    0.0    0.0    0.0
  400.00000     -50908.338      967.47122     -162.23000     -.16062500E-01
 0.00000000     -1580700.0
 1 0.00000000       0.00
  401.00000     -69285.338      1192.4835     -194.83875     0.00000000
 0.00000000     0.00000000
 1 0.00000000       0.00
 OH[-]
   4  2  -1.00    0.0    1.0    0.0    1.0    1.0
  573.00000     -410973.14      3188.5513     -506.37700     0.59067000
 0.00000000      12301150.
 1 0.00000000       0.00
  574.00000     -131167.15     -1698.6943      245.46267     0.00000000
 0.00000000     0.00000000
 1 0.00000000       0.00
 HO2[-]
   4  2  -1.00    0.0    2.0    0.0    1.0    1.0
  573.00000     -490620.53      5465.2599     -878.65255      1.1414036
 0.00000000      25322823.
 1 0.00000000       0.00
  574.00000      60908.995     -4053.0271      583.64867     0.00000000
 0.00000000     0.00000000
 1 0.00000000       0.00
 HOOH
   4  2   0.00    0.0    2.0    0.0    2.0    0.0
  473.00000      19276.048     -6512.4167      1069.6480     -1.3723415
 0.00000000     -2021700.0
 1 0.00000000       0.00
  474.00000     -304853.37      1621.9579     -246.65982     0.00000000
 0.00000000     0.00000000
 1 0.00000000       0.00
 LiOH
   4  2   0.00    0.0    1.0    1.0    1.0    0.0
  473.00000     -379026.79     -2126.3287      321.47300     -.20144500
 0.00000000     -7667400.0
 1 0.00000000       0.00
  474.00000     -488936.47     -427.63998      62.364178     0.00000000
 0.00000000     0.00000000
 1 0.00000000       0.00
 Ca[2+]
   4  2   2.00    1.0    0.0    0.0    0.0   -2.0
  573.00000     -537745.15      172.76576     -26.664632     0.83295072E-01
 0.00000000     -825921.60
 1 0.00000000       0.00
  574.00000     -516162.56     -393.96708      63.760460     0.00000000
 0.00000000     0.00000000
 1 0.00000000       0.00
 CaOH[+]
   4  1   1.00    1.0    1.0    0.0    1.0   -1.0
  298.15000     -655930.13     -209.50150     0.00000000     0.00000000
 0.00000000     0.00000000
 1 0.00000000       0.00
 H                       #
   4  1    0.0    0.0    0.0    1.0    0.0
  6001.0000     0.00000000     0.00000000     0.00000000     0.00000000
 0.00000000     0.00000000
 1 0.00000000       0.00
 O                       #
   4  1    0.0    1.0    0.0    0.0    0.0
  6001.0000     0.00000000     0.00000000     0.00000000     0.00000000
 0.00000000     0.00000000
 1 0.00000000       0.00
 Ca                      #
   4  1    1.0    0.0    0.0    0.0    0.0
  6001.0000     0.00000000     0.00000000     0.00000000     0.00000000
 0.00000000     0.00000000
 1 0.00000000       0.00
 Li                      #
   4  1    0.0    0.0    1.0    0.0    0.0
  6001.0000     0.00000000     0.00000000     0.00000000     0.00000000
 0.00000000     0.00000000
 1 0.00000000       0.00
